50
Comments N|0.0074|0.2000|0.0143|45|0.0601|0.5159|0.1077|44|0.0017|0.2500|0.0034|39|0.0162|0.2903|0.0306|8
Comments Y|0.0031|0.3000|0.0062|6|0.0535|0.3651|0.0933|43|0.0012|0.5000|0.0025|8|0.0469|0.2903|0.0807|17
100
Comments N|0.0118|0.5000|0.0231|67|0.0907|0.6667|0.1597|12|0.0015|0.7500|0.0031|4|0.0280|0.2903|0.0510|65
Comments Y|0.0306|0.9000|0.0592|67|0.0892|0.6508|0.1569|81|0.0036|0.2500|0.0071|38|0.0432|0.2581|0.0741|94
150
Comments N|0.0107|0.7000|0.0211|14|0.0995|0.4683|0.1641|38|0.0049|0.2500|0.0095|50|0.0566|0.1935|0.0876|132
Comments Y|0.0146|0.9000|0.0288|118|0.1027|0.6111|0.1758|16|0.0014|0.5000|0.0028|0|0.0361|0.3871|0.0661|80
200
Comments N|0.0097|0.2000|0.0185|111|0.1106|0.1746|0.1354|44|0.0024|0.2500|0.0048|105|0.0492|0.1935|0.0784|53
Comments Y|0.0635|0.4000|0.1096|124|0.1629|0.2857|0.2075|145|0.0041|0.5000|0.0080|6|0.0498|0.3548|0.0873|145
250
Comments N|0.0227|0.1000|0.0370|236|0.1250|0.0952|0.1081|80|0.0043|0.2500|0.0085|245|0.0729|0.2258|0.1102|80
Comments Y|0.0776|0.9000|0.1429|127|0.2452|0.3016|0.2705|140|0.0065|0.5000|0.0128|13|0.0516|0.2581|0.0860|140
300
Comments N|0.0290|0.2000|0.0506|102|0.1870|0.1825|0.1847|101|0.0058|0.2500|0.0113|20|0.1429|0.2903|0.1915|47
Comments Y|0.0571|0.2000|0.0889|201|0.0899|0.6349|0.1575|30|0.0032|0.2500|0.0062|251|0.0882|0.2903|0.1353|263
400
Comments N|0.0455|0.3000|0.0789|152|0.2174|0.0794|0.1163|352|0.0075|0.2500|0.0146|32|0.1538|0.1935|0.1714|243
Comments Y|0.0667|0.2000|0.1000|185|0.3578|0.3095|0.3319|305|0.0020|0.5000|0.0039|9|0.0826|0.2903|0.1286|305
500
Comments N|0.0139|0.1000|0.0244|359|0.2143|0.1667|0.1875|278|0.0050|0.2500|0.0098|297|0.1154|0.1935|0.1446|122
Comments Y|0.0556|0.3000|0.0938|172|0.1450|0.1508|0.1479|410|0.0069|0.2500|0.0135|42|0.2000|0.0645|0.0976|463
