50
Time N, Comments N|0.0033|0.1000|0.0064|7|0.0089|0.9762|0.0176|33|0.0003|1.0000|0.0006|33|0.0022|1.0000|0.0045|33
Time N, Comments Y|0.0036|0.1000|0.0069|20|0.0357|0.6905|0.0678|16|0.0034|0.5000|0.0068|19|0.0102|0.8065|0.0202|16
Time Y, Comments N|0.0108|0.2000|0.0204|1|0.0099|0.9921|0.0197|32|0.0003|1.0000|0.0006|32|0.3333|0.0323|0.0588|23
Time Y, Comments Y|0.0035|0.1000|0.0068|17|0.1211|0.7619|0.2089|37|0.0017|0.5000|0.0035|23|0.0378|0.9677|0.0728|37
100
Time N, Comments N|0.0109|0.2000|0.0206|75|0.2778|0.1984|0.2315|23|0.0435|0.2500|0.0741|86|0.1444|0.4194|0.2149|23
Time N, Comments Y|0.0222|0.4000|0.0421|75|0.0493|0.0794|0.0608|12|0.0035|0.5000|0.0070|30|0.0297|0.0968|0.0455|72
Time Y, Comments N|0.0041|0.1000|0.0078|2|0.2644|0.1825|0.2160|58|0.0016|0.5000|0.0032|32|0.1379|0.3871|0.2034|58
Time Y, Comments Y|0.0036|0.1000|0.0070|11|0.2621|0.4286|0.3253|9|0.0019|0.5000|0.0039|6|0.0922|0.6129|0.1603|9
150
Time N, Comments N|0.0040|0.1000|0.0077|28|0.2900|0.2302|0.2566|42|0.0004|1.0000|0.0007|16|0.1300|0.4194|0.1985|42
Time N, Comments Y|0.0171|0.3000|0.0324|110|0.0403|0.6111|0.0756|9|0.0060|0.2500|0.0118|68|0.0099|0.6129|0.0196|9
Time Y, Comments N|0.0112|0.2000|0.0213|120|0.0322|0.2540|0.0571|49|0.0020|0.5000|0.0040|49|0.0093|0.0323|0.0145|11
Time Y, Comments Y|0.0036|0.1000|0.0070|7|0.2637|0.1905|0.2212|12|0.0083|0.5000|0.0163|29|0.1429|0.4194|0.2131|12
200
Time N, Comments N|0.0115|0.2000|0.0217|25|0.0369|0.3968|0.0675|13|0.0022|0.7500|0.0044|13|1.0000|0.0323|0.0625|132
Time N, Comments Y|0.0175|0.3000|0.0331|35|0.0586|0.5635|0.1062|13|0.0025|0.2500|0.0049|84|0.0140|0.5484|0.0274|13
Time Y, Comments N|0.0114|0.2000|0.0215|191|0.6667|0.0159|0.0310|121|0.0004|1.0000|0.0007|142|1.0000|0.0323|0.0625|9
Time Y, Comments Y|0.0229|0.4000|0.0432|3|0.3143|0.2619|0.2857|32|0.0059|0.2500|0.0116|176|0.1524|0.5161|0.2353|32
250
Time N, Comments N|0.0034|0.1000|0.0067|4|0.0652|0.0238|0.0349|148|0.0004|1.0000|0.0007|100|1.0000|0.0323|0.0625|204
Time N, Comments Y|0.0169|0.3000|0.0321|161|0.6000|0.0238|0.0458|217|0.0009|0.2500|0.0018|31|0.0317|0.0645|0.0426|185
Time Y, Comments N|0.0041|0.1000|0.0078|14|0.2421|0.1825|0.2081|173|0.0021|0.7500|0.0041|4|0.1368|0.4194|0.2063|173
Time Y, Comments Y|0.0171|0.3000|0.0324|9|0.2800|0.2222|0.2478|214|0.0058|0.5000|0.0116|224|0.1400|0.4516|0.2137|214
300
Time N, Comments N|0.0114|0.2000|0.0215|228|0.6250|0.0397|0.0746|0|0.0004|1.0000|0.0007|168|1.0000|0.0323|0.0625|135
Time N, Comments Y|0.0037|0.1000|0.0071|78|0.2892|0.1905|0.2297|9|0.0002|1.0000|0.0005|282|0.1325|0.3548|0.1930|9
Time Y, Comments N|0.0041|0.1000|0.0079|295|0.2500|0.1667|0.2000|60|0.0003|1.0000|0.0006|16|0.1429|0.3871|0.2087|60
Time Y, Comments Y|0.0220|0.4000|0.0417|271|0.2500|0.1746|0.2056|30|0.0066|0.5000|0.0129|267|0.1477|0.4194|0.2185|30
400
Time N, Comments N|0.0036|0.1000|0.0070|70|1.0000|0.0079|0.0157|104|0.0002|1.0000|0.0005|48|0.2857|0.0645|0.1053|245
Time N, Comments Y|0.0040|0.1000|0.0077|115|0.2874|0.1984|0.2347|238|0.0017|1.0000|0.0034|63|0.1494|0.4194|0.2203|238
Time Y, Comments N|0.0183|0.2000|0.0336|230|0.2667|0.1587|0.1990|169|0.0003|1.0000|0.0007|85|1.0000|0.0968|0.1765|324
Time Y, Comments Y|0.0173|0.3000|0.0328|365|0.2529|0.1746|0.2066|10|1.0000|0.2500|0.4000|238|0.1494|0.4194|0.2203|10
500
Time N, Comments N|1.0000|0.1000|0.1818|363|0.2436|0.1508|0.1863|118|0.0016|0.5000|0.0031|102|0.1538|0.3871|0.2202|118
Time N, Comments Y|0.0186|0.3000|0.0351|236|0.2857|0.2063|0.2396|390|0.0003|1.0000|0.0006|312|0.1429|0.4194|0.2131|390
Time Y, Comments N|0.0035|0.1000|0.0068|461|1.0000|0.0159|0.0312|415|1.0000|0.2500|0.4000|429|1.0000|0.0323|0.0625|61
Time Y, Comments Y|0.0039|0.1000|0.0076|56|1.0000|0.0159|0.0312|87|0.0002|1.0000|0.0005|3|1.0000|0.0323|0.0625|405
